audio\track2.mp3
images\track2bg.png

322000
2645
293.17
650.0
1.5

325000
280000
240000

213

4
4.5
5
5.5
6.25
7
7.5
12.5
15
16
16.5
17.5
19
20
20.5
21
21.5
22.25
23
23.5
28.5
31
32
32.5
33.5
35
36
37
46
51
52
53
61.5
63.5
67
68
69
73
75.5
77.5
85
89
91.5
93.5
95.5
100
102
107.5
109
124
125.5
127
127.5
129.5
131
135
142
147.5
153
153.5
164
164.25
165.5
165.75
167
167.25
171.5
172.5
173.5
187.5
188.5
189.5
203.5
204.5
205.5
219.5
237
245.75
250.75
252.5
253.75
254.75
257
258.75
263.25
264
265
265.5
273.5
279
281
289.5
291.5
295
297
301
303.5
305.5
313
317
319.5
321.5
323.5
328
330
335.5
337
352
353.5
355
355.5
357.5
359
363
370
375.5
381
381.5
392
392.25
393.5
393.75
395
395.25
399.5
400.5
401.5
415.5
416.5
417.5
431.5
432.5
433.5
447.5
461.5
461.75
463
463.5
464.5
465.25
466
471.5
473.75
478.75
480.5
481.75
482.75
487.5
491.5
495.75
497.25
497.75
513.75
524
524.5
525
525.5
526
526.5
527
527.5
531
533.5
533.75
539
563.5
565.5
565.75
571
585.5
585.75
591.5
593.5
593.75
596
596.25
597.5
597.75
599
599.25
603.5
604.5
605.5
619.5
620.5
621.5
635.5
636.5
637.5
651.5
664
664.5
665
665.5
666.25
667
667.5
672.5
675
676
676.5
677.5
679
680
680.5
681
681.5
682.25
683
683.5
688.5
691
696

417

8
8.5
9.5
10.25
11
11.5
15.5
16.75
18.25
24
24.5
25.5
26.25
27
27.5
31.5
32.75
34.25
38
39
39.5
40.5
45.5
46.5
48
49
50
51.5
53.5
59.5
61
62
64
65
66
67.5
69.5
70
71
72.5
75
76.5
77
78
80
81
82
83.5
85.5
86
87
88.5
91
93
94
101.5
102.5
107
109.5
111
115.5
117
119.5
123
128
131.5
133.5
140
141.5
142.5
143.5
147
148
149
150
151.5
155
159.5
168
168.25
168.5
169.25
170
172
173
176
176.25
176.5
177.25
178
179.5
182
184
184.25
184.5
185.25
186
188
189
192
192.25
192.5
193.25
194
195.5
198
200
200.25
200.5
201.25
202
204
205
208
208.25
208.5
209.25
210
211.5
214
216
216.25
216.5
217.25
218
222
224
224.25
224.5
225.25
226
227.5
230
232
233
234
237.25
241
242
245.5
248
249
250.5
251
252
252.75
253.5
254.5
255
256
258
260
260.25
263
266
267
267.5
268.5
272.5
273
274
276.25
277
277.5
278
281.5
287.5
289
290
292.25
293
293.5
294
297.5
298
299
300.5
303
304.5
305
306
308
309
310
311.5
313.5
314
315
316.5
319
321
322
329.5
330.5
335
337.5
339
343.5
345
347.5
351
356
359.5
361.5
368
369.5
370.5
371.5
375
376
377
378
379.5
383
387.5
396
396.25
396.5
397.25
398
400
401
404
404.25
404.5
405.25
406
407.5
410
412
412.25
412.5
413.25
414
416
417
420
420.25
420.5
421.25
422
423.5
426
428
428.25
428.5
429.25
430
432
433
436
436.25
436.5
437.25
438
439.5
442
444
444.25
444.5
445.25
446
450
452
452.25
452.5
453.25
454
455.5
458
460
471.75
473.5
478.5
480.75
481.5
482.5
483.25
484.5
487.75
489.25
491.75
493.25
496
496.5
497
498.25
499.75
501.25
503.5
505.25
509.25
512
512.5
513
514.25
515.5
517.25
521.25
528
528.5
529
529.5
530
530.5
532
535
537.5
537.75
539.5
545.5
545.75
547
548.5
549.5
550
551
552.5
553.5
553.75
555
558.5
559
561.5
561.75
563
564
567
569.5
569.75
571.5
577.5
577.75
579
580.5
581.5
582
583
584.5
587
589.5
590.5
600
600.25
600.5
601.25
602
604
605
608
608.25
608.5
609.25
610
611.5
614
616
616.25
616.5
617.25
618
620
621
624
624.25
624.5
625.25
626
627.5
630
632
632.25
632.5
633.25
634
636
637
640
640.25
640.5
641.25
642
643.5
646
648
648.25
648.5
649.25
650
654
656
656.25
656.5
657.25
658
659.5
662
668
668.5
669.5
670.25
671
671.5
675.5
676.75
678.25
684
684.5
685.5
686.25
687
687.5
692
692.5
693.5
694.25
695


325

8.75
12
12.75
13.5
14.25
16.25
17
17.75
18.5
19.5
24.75
28
28.75
29.5
30.25
32.25
33
33.75
34.5
35.5
41
42.5
43.5
44.5
48
49
54
55
56.5
57
59
62.5
64
65
71.5
74.5
78.5
80
81
82.25
83
87.5
90.5
94.5
103
105
106.5
110
111.5
115
116
117.5
121
122
125.5
127
127.5
128
132
135.5
137.5
139
139.5
143
151
155.5
156
157
158
168.75
174
174.5
176.75
181.25
184.75
190
190.5
192.75
197.25
200.75
206
206.5
208.75
213.25
216.75
220.75
221.25
224.75
229.25
231.5
237.5
239
245.25
250
250.25
253
253.25
254
254.25
255.25
257
258.75
260.75
261.75
262.75
269
270.5
271.5
274.5
276.25
277
277.5
282
283
284.5
285
287
290.5
292.25
293
293.5
299.5
302.5
306.5
308
309
310.25
311
315.5
318.5
322.5
331
333
334.5
338
339.5
343
344
345.5
349
350
353.5
355
355.5
356
360
363.5
365.5
367
367.5
371
379
383.5
384
385
386
396.75
402
402.5
404.75
409.25
412.75
418
418.5
420.75
425.25
428.75
434
434.5
436.75
441.25
444.75
448.75
449.25
452.75
457.333
457.667
459.5
468
468.75
469
469.75
470
470.25
471
472
473.25
475
476
476.75
477
478
478.25
480
481
481.25
482
482.25
483
484
485
485.75
486.25
487
488
488.5
489
489.75
490.25
491
492
492.75
493
493.75
494.25
495
498.5
500
500.75
501
501.75
502.25
503
504
505
505.75
506.25
507
508
508.75
509
509.75
510.25
511
514.5
516
516.75
517
517.75
518.25
519
520
521
521.75
522.25
523
524.25
524.75
525.25
525.75
526.25
526.75
527.25
527.75
533.5
533.75
536
537.5
537.75
540
541
541.5
543.5
547.5
548
551.5
553.5
553.75
557
557.5
559.5
561.5
561.75
565.5
565.75
568
569.5
569.75
572
573
573.5
575.5
579.5
583.5
589
591
600.75
606
606.5
608.75
613.25
616.75
622
624.75
629.25
632.75
638
638.5
640.75
645.25
648.75
652.75
653.25
656.75
660.75
661.5
663.5
668.75
672
672.75
673.5
674.25
676.25
677
677.75
678.5
679.5
684.75
688
688.75
689.5
690.25
691.5
692.75
695.5

213

4.25
4.75
5.75
6.5
8.25
9
9.75
10.5
12.25
13
13.75
14.5
20.25
20.75
21.75
22.5
24.25
25
25.75
26.5
28.25
29
29.75
30.5
36
43
47
47.5
50
51
51.5
52
55.5
58.5
63
66
67
67.5
68
79
79.5
82.5
95
100
103.5
104.5
110.5
120
129.5
137
159
164
164.25
165.5
165.75
167
167.25
174.75
180
180.5
180.75
190.75
196
196.5
196.75
206.75
212
212.5
212.75
220
220.5
228
228.5
228.75
233
234
237.75
241
242
245
249
251
258
261.25
262.5
264
271
275
275.5
278
279
283.5
286.5
291
294
295
307
307.5
310.5
323
328
331.5
332.5
338.5
348
357.5
365
387
392
392.25
393.5
393.75
395
395.25
402.75
408
408.5
408.75
418.75
424
424.5
424.75
434.75
440
440.5
440.75
448
448.5
456
457
470.5
473
474.5
486.5
490.5
494.5
499
502.5
506.5
510.5
515
518.5
522.5
528.25
528.75
529.25
529.75
530.25
530.75
542.5
545.5
545.75
555.5
574.5
577.5
577.75
580
585.5
585.75
587.5
593.5
593.75
596
596.25
597.5
597.75
599
599.25
606.75
612
612.5
612.75
622.5
628
628.5
628.75
638.75
644
644.5
644.75
652
652.5
660
660.5
664.25
664.75
665.75
666.5
668.25
669
669.75
670.5
672.25
673
673.75
674.5
680.25
680.75
681.75
682.5
684.25
685
685.75
686.5
688.25
689
689.75
690.5
692.25
693
693.75
694.5
696