audio\track1.mp3
images\track1bg.png

281500
2750
240.0
720.0
5.0

260000
230000
200000

185

3.5
11.5
21
27.5
31.5
35.5
43.5
53
61
65.5
77.5
80.5
84
98
98.5
99
108
108.5
109
110
110.5
111
111.5
112.5
113.5
114
114.5
115
115.5
116
121.5
132
132.5
133.5
134
140
140.5
141.5
142
152.5
183.5
212
213
215.5
216
227
228
229
230
232
243.5
245
245.5
246
246.5
247
247.5
251.5
259.5
269
275.5
279.5
283.5
291.5
301
309
313.5
324
324.5
325
325.5
326
326.5
327
327.5
328.5
329
329.5
331
331.5
346
356
356.5
357
358
358.5
359
364
369.5
380
380.5
381.5
382
388
388.5
389.5
390
400.5
431.5
460
461
463.5
464
475
476
477
478
480
491.5
493
493.5
494
494.5
495
495.5
505.5
513.5
521.5
529.5
530
530.75
531.5
538.5
541.5
543
546.5
548.5
551
553
556.5
559
563.5
565.5
573
574.5
577.5
581
583.5
586
587
588.5
591
592
593
606
613
620
626.5
627.5
629.5
630
630.5
631.5
637.5
638
638.5
650
679.5
708
709
711.5
712
723
724
725
726
728
739.5
741
741.5
742
742.5
743
743.5
747.5
755.5
765
771.5
775.5
779.5
787.5
797
805
808.5
812

222

5.5
7.5
13.5
15.5
19.5
26.5
29.5
32.5
37.5
39.5
45.5
47.5
51.5
64.5
67.5
73.5
75.5
79
83
89.5
96
100
105.5
107.5
116
122.5
126
139
140
140.5
141.5
142
143
151
154
154.5
155.5
170
180
181
184
185
202
211.5
213.5
217
226.5
227.5
231
233
235
238.5
242
249
253.5
255.5
261.5
263.5
267.5
274.5
277.5
280.5
285.5
287.5
293.5
295.5
299.5
312.5
315.5
321.5
323.5
332
337.5
344
348
353.5
355.5
359.5
362
362.5
364
370.5
374
387
388
388.5
389.5
390
391
399
402
402.5
403.5
418
428
429
432
433
450
459.5
461.5
465
474.5
475.5
479
481
483
486.5
490
497
500
500.5
501
501.5
502
502.5
503
503.5
504.5
507
508
508.5
509
509.5
510
510.5
511
511.5
512.5
515
516
516.5
517
517.5
518
518.5
519
519.5
520.5
523
524
524.5
525
525.5
526
526.5
527
527.5
528.5
530.25
531
539
544.5
547
549
551.5
555.75
556
557
558
561.5
566
571.5
575
577
578.5
580.5
581.5
585
587.25
589
590
594.5
597
601
602.5
603
603.5
612
613.5
619.5
621.5
622
624.5
625.5
627
631
639
646
666
676
677
680
681
698
707.5
709.5
713
722.5
723.5
727
729
731
734.5
738
745
749.5
751.5
757.5
759.5
763.5
770.5
773.5
776.5
781.5
783.5
789.5
791.5
795.5
807
807.5
810.5

283

3.5
5
7
8.5
10.5
11.5
13
15
16.5
18.5
20.5
28.5
30.5
34.5
35.5
37
39
40.5
42.5
43.5
45
47
48.5
50.5
52.5
63
63.5
68
71
71.5
74.5
82
84
87
87.5
90.5
94
98
99
103
103.5
106.5
108
108.5
109
110
111.5
112.5
114
114.5
119
119.5
124
130
132
132.5
133.5
134
135
137.5
145.5
149.5
159.5
167
167.5
170.5
171.5
174.5
175.5
179.5
181.5
185.5
191
191.5
194
199
199.5
202.5
203.5
207.5
210.5
217.5
223
223.5
234
237.5
239.5
243
248
249.5
250.5
253
255
256.5
258.5
259.5
261
263
264.5
266.5
268.5
276.5
278.5
282.5
283.5
285
287
288.5
290.5
291.5
293
295
296.5
298.5
300.5
311
311.5
316
319
319.5
322.5
324
326
327.5
330.5
332
335
335.5
338.5
342
351
351.5
354.5
356
356.5
357.5
360.5
361.5
367
367.5
372
378
380
380.5
381.5
382
383
385.5
393.5
397.5
407.5
415
415.5
418.5
419.5
423.5
427.5
429.5
433.5
439
439.5
442
447
447.5
450.5
451.5
455.5
458.5
465.5
471
471.5
482
485.5
487.5
491
496
497.5
498.5
500
505.5
508
513.5
516
521.5
524
529.5
530.5
531.75
535.5
542.5
543.5
547.5
549.5
550.5
552.5
555
555.5
557.5
559.5
561
564
569
569.5
572
573.5
576.5
580
584
587.5
589.5
590.5
591.5
594
595.5
596
597.5
600
601.5
604
610
616
617.5
618.75
625
626
628
636
639.5
648
655.5
663
663.5
666.5
667.5
671.5
675.5
677.5
681.5
687
687.5
690
695
695.5
698.5
699.5
703.5
706.5
713.5
719
719.5
730
733.5
735.5
739
744
745.5
746.5
749
751
752.5
754.5
755.5
757
759
760.5
762.5
764.5
772.5
774.5
778.5
779.5
781
783
784.5
786.5
787.5
789
791
792.5
794.5
796.5
806
812

188

9.5
17.5
19.5
27
29
31
33.5
41.5
49.5
51.5
62
66.5
69
70
85
85.5
86
92
100
101
101.5
102
117
118
128
136
144
147
148
162
162.5
163.5
175
177.5
178.5
186.5
187.5
190.5
194.5
195.5
207
209.5
218.5
219.5
222.5
228
229
230
236
237
245
245.5
246
246.5
247
247.5
251.5
257.5
265.5
267.5
275
277
279
281.5
289.5
297.5
299.5
310
314.5
317
317.5
318
330
333
334
340
348
349
349.5
350
361
365
365.5
366
376
384
392
395
396
410
410.5
411.5
423
425.5
426.5
434.5
435.5
438.5
442.5
443.5
455
457.5
466.5
467.5
470.5
476
477
478
484
485
493
493.5
494
494.5
495
495.5
499.5
503.5
511.5
519.5
527.5
531.25
532
534.75
539.5
542
550
553.5
555.25
558.5
560.5
567.5
569.25
572.5
575.5
579
579.5
584.5
587.75
588
592.5
593.5
595
608
618
624
652
653.5
654.5
658
658.5
659.5
671
673.5
674.5
682.5
683.5
686.5
690.5
691.5
703
705.5
714.5
715.5
718.5
724
725
726
732
733
741
741.5
742
742.5
743
743.5
747.5
753.5
761.5
763.5
771
773
775
777.5
785.5
793.5
795.5
809.5