audio\track3.mp3
images\track3bg.png

292000
2778
302.25
650.0
2.6

325000
295000
270000

205

8
8.5
9
9.5
10
10.5
11
11.5
11.75
12
12.5
13
13.5
14
14.5
15
15.5
18.5
24
24.5
25
25.5
32
32.5
33
33.5
34
34.5
35
35.5
36
36.5
37
37.5
38
38.5
39
39.5
40
46.5
47.5
51.5
55
72
83.5
86.5
88
89.5
91
93.5
96
97.5
99
100.5
102
103
104
111
112
119
120
128
144
145
146
149.5
150.5
153.5
154.5
155.5
156.5
157.5
161.5
162.5
164
165
166
168.5
169.5
170.5
171.5
172.5
173.5
174.5
175.5
184.5
185.5
189.5
190
200.5
201.5
223.5
224.5
225.5
231
232.5
233.5
240
241.5
243
247
251
256
256.5
257
257.5
258
258.5
259
259.5
263
264
264.5
265
265.5
266
266.5
267
267.5
268
288
289.5
291
295
336
352
358.5
359.5
363.5
367
384
395.5
398.5
400
401.5
403
405.5
408
409.5
411
412.5
414
415
416
423
424
431
432
439
440
448
455.5
456
464
472
488
489
490
493.5
494.5
497.5
498.5
499.5
500.5
501.5
505.5
506.5
508
509
510
512.5
513.5
514.5
515.5
516.5
517.5
518.5
519.5
528.5
529.5
533.5
534
544.5
545.5
567.5
568.5
569.5
575
576.5
577.5
584
585.5
587
591
595
600
600.5
601
601.5
602
602.5
603
603.5
607
608


368

4
4.5
5
5.5
6
6.5
7
7.5
16
20
20.5
21
21.5
22
22.5
23
23.5
31.5
41
41.5
42.5
43
43.5
45
45.5
46
47
48
49.5
51
52.5
54
56
57
57.5
58.5
59
59.5
61
61.5
64
65.5
67.5
68.5
69.5
70.5
78.5
79
81
81.5
82.5
83
84
85
87.5
91.5
93
94
94.5
106.75
108
109
113.5
114.5
115.5
116.5
117.5
121
122.75
123.5
127
127.5
130.5
131.5
132.5
133.5
134.5
140.5
141
145.5
147
148
149
150
152
153
154
155
156
157
160
161
162
163.5
165.5
166
168
169
170
171
172
177
177.5
178.5
179
179.5
181
181.5
182.5
183
187.5
188.5
189
191
193
193.5
194.5
195
195.5
197
197.5
198.5
199
205
209
209.5
210.5
211
211.5
213
213.5
220.5
221
221.5
222.5
228.5
229.5
236.5
237.5
239
244.5
245.5
248
249.5
251.5
252.5
254
254.5
260
260.5
261.5
271
272.5
273
273.5
274
275
275.5
276.5
277
277.5
279
279.5
280.5
281
281.5
283
283.5
284.5
285
285.5
286.5
287.5
292.5
293.5
296
297.5
299
303
304.5
305
305.5
306
307
307.5
308.5
309
309.5
311
311.5
312.5
313
313.5
315
315.5
316.5
317
317.5
320.5
321
321.5
322
323
323.5
324.5
325
325.5
327
327.5
328.5
329
329.5
331
331.5
332.5
333
333.5
353
353.5
354.5
355
355.5
357
357.5
358
359
360
361.5
363
364.5
366
368
369
369.5
370.5
371
371.5
373
373.5
376
377.5
379.5
380.5
381.5
382.5
390.5
391
393.5
394.5
395
396
397
399.5
403.5
405
406
406.5
420
421
426.5
427.5
428.5
429.5
433.5
434.5
435.5
436.5
437.5
442.5
443.5
444.5
445.5
446.5
449.5
450.75
451.5
453
454
457.5
458.5
459.5
460.5
461.5
462.5
465
466.75
467.5
471
471.5
474.5
475.5
476.5
477.5
478.5
484.5
485
489.5
491
492
493
494
496
497
498
499
500
501
504
505
506
507.5
509.5
510
512
513
514
515
516
521
521.5
522.5
523
523.5
525
525.5
526.5
527
531.5
532.5
533
535
537
537.5
538.5
539
539.5
541
541.5
542.5
543
549
553
553.5
554.5
555
555.5
557
557.5
564.5
565
565.5
566.5
572.5
573.5
580.5
581.5
583
588.5
589.5
592
593.5
595.5
596.5
598
598.5
604
604.5
605.5


334

4
4.5
5
5.5
6
6.5
7
7.5
8
8.5
9
9.5
10
10.5
11
19
20
20.5
21
21.5
22
22.5
23
23.5
24
24.5
25
26
27.5
42
48
49.5
52.5
54
55
56
58
62
62.5
64
65.5
67
68.5
70
73
73.5
74.5
75
75.5
77
78
79.5
82
85.5
88
89.5
91
92.5
95
105
106
107
108.5
109.5
110
113
114
115
116
117
118
120.5
121.5
122
122.5
124
124.5
125.5
126.5
128.5
129
129.5
130
130.75
132
133
134
139.5
141.5
142
146
147
150
151
152
153
154
155
156
158
159
162
163
164
165
167
168
169
173
174
175
178
183.5
185
186
194
199.5
201
202
203.5
204.5
205.5
206
210
214
214.5
218.5
219
219.5
223
225
226
227.5
229
230
231.5
233
234
235.5
237
238
245
246
254.5
256
256.5
257
257.5
258
258.5
259
259.5
260
261
262
268.5
269.5
276
280
284
288
289.5
291
293
294
296
297.5
299
300.5
301.5
308
312
316
324
328
335
352
354
360
361.5
364.5
366
367
368
370
374
374.5
376
377.5
379
380.5
382
385
385.5
386.5
387
387.5
389
390
391.5
393
394
397.5
400
401.5
403
404.5
407
417
418
418.5
419
420.5
421.5
422
425
426
427
428
429
430
433
434
435
436
437
438
440.5
441
441.5
442
442.75
444
445
446
448.5
449
450
452
452.5
453.5
454.5
455
456.5
457
458
458.75
460
461
462
464.5
465.5
466
466.5
468
468.5
469.5
470.5
472.5
473
473.5
474
474.75
476
477
478
483.5
485.5
486
490
491
494
495
496
497
498
499
500
502
503
506
507
508
509
511
512
513
517
518
519
522
527.5
529
530
538
543.5
545
546
547.5
548.5
549.5
550
554
558
558.5
562.5
563
563.5
567
569
570
571.5
573
574
575.5
577
578
579.5
581
582
589
590
598.5
600
600.5
601
601.5
602
602.5
603
603.5
604
605
606


154

12
12.5
13
13.5
14
14.5
15
15.5
27
32
32.5
33
33.5
34
34.5
35
35.5
36
36.5
37
37.5
38
38.5
39
40
63
63.5
71
72
74
77.5
96
97.5
99
100.5
102
103
104
112
120
128
135
135.5
143
144
145
146.5
148
149
151
158.5
160
161
163
167
170
171
172
173
174
175
182
198
207
215
215.5
216.5
217
217.5
240
241.5
243
248
249.5
252.5
254
264
264.5
265
265.5
266
266.5
267
267.5
268
269
270
286.5
287.5
301
302
332
335
336
375
375.5
383
384
386
389.5
408
409.5
411
412.5
414
415
416
424
432
440
447
447.5
448
456
463
463.5
464
472
479
479.5
487
488
489
490.5
492
493
495
502.5
504
505
507
511
514
515
516
517
518
519
526
542
551
559
559.5
560.5
561
561.5
584
585.5
587
592
593.5
596.5
598
608
